import{_ as i}from"./chunks/Total.C-Mp7DDF.js";import{_ as a}from"./chunks/None.CACNxHY-.js";import{_ as t,c as h,a2 as k,o as l}from"./chunks/framework.BQmytedh.js";const u=JSON.parse('{"title":"l601.condensed","description":"","frontmatter":{},"headers":[],"relativePath":"data/codes/gaussian/l601.condensed-d3e16733.md","filePath":"data/codes/gaussian/l601.condensed-d3e16733.md"}'),n={name:"data/codes/gaussian/l601.condensed-d3e16733.md"};function p(e,s,E,r,d,g){return l(),h("div",null,s[0]||(s[0]=[k('<h1 id="l601-condensed" tabindex="-1">l601.condensed <a class="header-anchor" href="#l601-condensed" aria-label="Permalink to &quot;l601.condensed&quot;">​</a></h1><h2 id="implementation-level" tabindex="-1">Implementation level <a class="header-anchor" href="#implementation-level" aria-label="Permalink to &quot;Implementation level&quot;">​</a></h2><table tabindex="0"><thead><tr><th>Type</th><th>Status</th></tr></thead><tbody><tr><td>CML extraction template</td><td><img src="'+i+'" alt=""></td></tr><tr><td>HTML5 representation</td><td><img src="'+a+`" alt=""></td></tr></tbody></table><h2 id="template-attributes" tabindex="-1">Template attributes <a class="header-anchor" href="#template-attributes" aria-label="Permalink to &quot;Template attributes&quot;">​</a></h2><table tabindex="0"><thead><tr><th>Attribute</th><th>Value</th></tr></thead><tbody><tr><td><em>source</em></td><td>Gaussian log</td></tr><tr><td>id</td><td>l601.condensed</td></tr><tr><td>name</td><td>condensed</td></tr><tr><td>repeat</td><td>*</td></tr><tr><td>pattern</td><td>\\s*Condensed to atoms \\(all electrons\\):\\s*$\\s*\\d+.*</td></tr><tr><td>endPattern</td><td>\\s+\\d+\\s+.*$\\s*Mulliken.*</td></tr><tr><td>endOffset</td><td>1</td></tr><tr><td>xml:base</td><td>l601/l601.condensed.xml</td></tr></tbody></table><h2 id="input" tabindex="-1">Input <a class="header-anchor" href="#input" aria-label="Permalink to &quot;Input&quot;">​</a></h2><pre><code>          Condensed to atoms (all electrons):
              1          2          3          4          5          6
     1  Al  14.341573   1.088430  -0.115514   0.086239   0.001826  -0.044783
     2  Al   1.088430  15.950581   1.088430  -1.998837  -0.951234   0.003015
     3  Al  -0.115514   1.088430  14.341573  -1.047630  -2.006583   0.088051
     4  Al   0.086239  -1.998837  -1.047630  14.338383   1.085225  -0.113240
     5  Al   0.001826  -0.951234  -2.006583   1.085225  15.968706   1.085225
     6  Al  -0.044783   0.003015   0.088051  -0.113240   1.085225  14.338383
     7  Al   0.009797   0.191563   0.506288   0.088051  -2.006583  -1.047630
     8  Al   0.191563   0.182316   0.191563   0.003015  -0.951234  -1.998837
     9  Al   0.506288   0.191563   0.009797  -0.044783   0.001826   0.086239
    10  Al   0.088051   0.003015  -0.044783   0.009829   0.191823   0.506439
    11  Al  -2.006583  -0.951234   0.001826   0.191823   0.182861   0.191823
    12  Al  -1.047630  -1.998837   0.086239   0.506439   0.191823   0.009829
              7          8          9         10         11         12
     1  Al   0.009797   0.191563   0.506288   0.088051  -2.006583  -1.047630
     2  Al   0.191563   0.182316   0.191563   0.003015  -0.951234  -1.998837
     3  Al   0.506288   0.191563   0.009797  -0.044783   0.001826   0.086239
     4  Al   0.088051   0.003015  -0.044783   0.009829   0.191823   0.506439
     5  Al  -2.006583  -0.951234   0.001826   0.191823   0.182861   0.191823
     6  Al  -1.047630  -1.998837   0.086239   0.506439   0.191823   0.009829
     7  Al  14.341573   1.088430  -0.115514   0.086239   0.001826  -0.044783
     8  Al   1.088430  15.950581   1.088430  -1.998837  -0.951234   0.003015
     9  Al  -0.115514   1.088430  14.341573  -1.047630  -2.006583   0.088051
    10  Al   0.086239  -1.998837  -1.047630  14.338383   1.085225  -0.113240
    11  Al   0.001826  -0.951234  -2.006583   1.085225  15.968706   1.085225
    12  Al  -0.044783   0.003015   0.088051  -0.113240   1.085225  14.338383
 Mulliken atomic charges:
</code></pre><h2 id="output-text" tabindex="-1">Output text <a class="header-anchor" href="#output-text" aria-label="Permalink to &quot;Output text&quot;">​</a></h2><div class="language-xml vp-adaptive-theme"><button title="Copy Code" class="copy"></button><span class="lang">xml</span><pre class="shiki shiki-themes github-light github-dark vp-code" tabindex="0"><code><span class="line"><span style="--shiki-light:#24292E;--shiki-dark:#E1E4E8;">&lt;</span><span style="--shiki-light:#22863A;--shiki-dark:#85E89D;">comment</span><span style="--shiki-light:#6F42C1;--shiki-dark:#B392F0;"> class</span><span style="--shiki-light:#24292E;--shiki-dark:#E1E4E8;">=</span><span style="--shiki-light:#032F62;--shiki-dark:#9ECBFF;">&quot;example.output&quot;</span><span style="--shiki-light:#6F42C1;--shiki-dark:#B392F0;"> id</span><span style="--shiki-light:#24292E;--shiki-dark:#E1E4E8;">=</span><span style="--shiki-light:#032F62;--shiki-dark:#9ECBFF;">&quot;l601.condensed&quot;</span><span style="--shiki-light:#24292E;--shiki-dark:#E1E4E8;">&gt;</span></span>
<span class="line"><span style="--shiki-light:#24292E;--shiki-dark:#E1E4E8;">    &lt;</span><span style="--shiki-light:#22863A;--shiki-dark:#85E89D;">module</span><span style="--shiki-light:#6F42C1;--shiki-dark:#B392F0;"> cmlx:templateRef</span><span style="--shiki-light:#24292E;--shiki-dark:#E1E4E8;">=</span><span style="--shiki-light:#032F62;--shiki-dark:#9ECBFF;">&quot;l601.condensed&quot;</span><span style="--shiki-light:#24292E;--shiki-dark:#E1E4E8;">&gt;</span></span>
<span class="line"><span style="--shiki-light:#24292E;--shiki-dark:#E1E4E8;">      &lt;</span><span style="--shiki-light:#22863A;--shiki-dark:#85E89D;">array</span><span style="--shiki-light:#6F42C1;--shiki-dark:#B392F0;"> dataType</span><span style="--shiki-light:#24292E;--shiki-dark:#E1E4E8;">=</span><span style="--shiki-light:#032F62;--shiki-dark:#9ECBFF;">&quot;xsd:double&quot;</span><span style="--shiki-light:#6F42C1;--shiki-dark:#B392F0;"> size</span><span style="--shiki-light:#24292E;--shiki-dark:#E1E4E8;">=</span><span style="--shiki-light:#032F62;--shiki-dark:#9ECBFF;">&quot;12&quot;</span><span style="--shiki-light:#6F42C1;--shiki-dark:#B392F0;"> dictRef</span><span style="--shiki-light:#24292E;--shiki-dark:#E1E4E8;">=</span><span style="--shiki-light:#032F62;--shiki-dark:#9ECBFF;">&quot;x:floatArr&quot;</span><span style="--shiki-light:#24292E;--shiki-dark:#E1E4E8;">&gt;14.341573 1.08843 -0.115514 0.086239 0.001826 -0.044783 0.009797 0.191563 0.506288 0.088051 -2.006583 -1.04763&lt;/</span><span style="--shiki-light:#22863A;--shiki-dark:#85E89D;">array</span><span style="--shiki-light:#24292E;--shiki-dark:#E1E4E8;">&gt;</span></span>
<span class="line"><span style="--shiki-light:#24292E;--shiki-dark:#E1E4E8;">      &lt;</span><span style="--shiki-light:#22863A;--shiki-dark:#85E89D;">array</span><span style="--shiki-light:#6F42C1;--shiki-dark:#B392F0;"> dataType</span><span style="--shiki-light:#24292E;--shiki-dark:#E1E4E8;">=</span><span style="--shiki-light:#032F62;--shiki-dark:#9ECBFF;">&quot;xsd:double&quot;</span><span style="--shiki-light:#6F42C1;--shiki-dark:#B392F0;"> size</span><span style="--shiki-light:#24292E;--shiki-dark:#E1E4E8;">=</span><span style="--shiki-light:#032F62;--shiki-dark:#9ECBFF;">&quot;12&quot;</span><span style="--shiki-light:#6F42C1;--shiki-dark:#B392F0;"> dictRef</span><span style="--shiki-light:#24292E;--shiki-dark:#E1E4E8;">=</span><span style="--shiki-light:#032F62;--shiki-dark:#9ECBFF;">&quot;x:floatArr&quot;</span><span style="--shiki-light:#24292E;--shiki-dark:#E1E4E8;">&gt;1.08843 15.950581 1.08843 -1.998837 -0.951234 0.003015 0.191563 0.182316 0.191563 0.003015 -0.951234 -1.998837&lt;/</span><span style="--shiki-light:#22863A;--shiki-dark:#85E89D;">array</span><span style="--shiki-light:#24292E;--shiki-dark:#E1E4E8;">&gt;</span></span>
<span class="line"><span style="--shiki-light:#24292E;--shiki-dark:#E1E4E8;">      &lt;</span><span style="--shiki-light:#22863A;--shiki-dark:#85E89D;">array</span><span style="--shiki-light:#6F42C1;--shiki-dark:#B392F0;"> dataType</span><span style="--shiki-light:#24292E;--shiki-dark:#E1E4E8;">=</span><span style="--shiki-light:#032F62;--shiki-dark:#9ECBFF;">&quot;xsd:double&quot;</span><span style="--shiki-light:#6F42C1;--shiki-dark:#B392F0;"> size</span><span style="--shiki-light:#24292E;--shiki-dark:#E1E4E8;">=</span><span style="--shiki-light:#032F62;--shiki-dark:#9ECBFF;">&quot;12&quot;</span><span style="--shiki-light:#6F42C1;--shiki-dark:#B392F0;"> dictRef</span><span style="--shiki-light:#24292E;--shiki-dark:#E1E4E8;">=</span><span style="--shiki-light:#032F62;--shiki-dark:#9ECBFF;">&quot;x:floatArr&quot;</span><span style="--shiki-light:#24292E;--shiki-dark:#E1E4E8;">&gt;-0.115514 1.08843 14.341573 -1.04763 -2.006583 0.088051 0.506288 0.191563 0.009797 -0.044783 0.001826 0.086239&lt;/</span><span style="--shiki-light:#22863A;--shiki-dark:#85E89D;">array</span><span style="--shiki-light:#24292E;--shiki-dark:#E1E4E8;">&gt;</span></span>
<span class="line"><span style="--shiki-light:#24292E;--shiki-dark:#E1E4E8;">      &lt;</span><span style="--shiki-light:#22863A;--shiki-dark:#85E89D;">array</span><span style="--shiki-light:#6F42C1;--shiki-dark:#B392F0;"> dataType</span><span style="--shiki-light:#24292E;--shiki-dark:#E1E4E8;">=</span><span style="--shiki-light:#032F62;--shiki-dark:#9ECBFF;">&quot;xsd:double&quot;</span><span style="--shiki-light:#6F42C1;--shiki-dark:#B392F0;"> size</span><span style="--shiki-light:#24292E;--shiki-dark:#E1E4E8;">=</span><span style="--shiki-light:#032F62;--shiki-dark:#9ECBFF;">&quot;12&quot;</span><span style="--shiki-light:#6F42C1;--shiki-dark:#B392F0;"> dictRef</span><span style="--shiki-light:#24292E;--shiki-dark:#E1E4E8;">=</span><span style="--shiki-light:#032F62;--shiki-dark:#9ECBFF;">&quot;x:floatArr&quot;</span><span style="--shiki-light:#24292E;--shiki-dark:#E1E4E8;">&gt;0.086239 -1.998837 -1.04763 14.338383 1.085225 -0.11324 0.088051 0.003015 -0.044783 0.009829 0.191823 0.506439&lt;/</span><span style="--shiki-light:#22863A;--shiki-dark:#85E89D;">array</span><span style="--shiki-light:#24292E;--shiki-dark:#E1E4E8;">&gt;</span></span>
<span class="line"><span style="--shiki-light:#24292E;--shiki-dark:#E1E4E8;">      &lt;</span><span style="--shiki-light:#22863A;--shiki-dark:#85E89D;">array</span><span style="--shiki-light:#6F42C1;--shiki-dark:#B392F0;"> dataType</span><span style="--shiki-light:#24292E;--shiki-dark:#E1E4E8;">=</span><span style="--shiki-light:#032F62;--shiki-dark:#9ECBFF;">&quot;xsd:double&quot;</span><span style="--shiki-light:#6F42C1;--shiki-dark:#B392F0;"> size</span><span style="--shiki-light:#24292E;--shiki-dark:#E1E4E8;">=</span><span style="--shiki-light:#032F62;--shiki-dark:#9ECBFF;">&quot;12&quot;</span><span style="--shiki-light:#6F42C1;--shiki-dark:#B392F0;"> dictRef</span><span style="--shiki-light:#24292E;--shiki-dark:#E1E4E8;">=</span><span style="--shiki-light:#032F62;--shiki-dark:#9ECBFF;">&quot;x:floatArr&quot;</span><span style="--shiki-light:#24292E;--shiki-dark:#E1E4E8;">&gt;0.001826 -0.951234 -2.006583 1.085225 15.968706 1.085225 -2.006583 -0.951234 0.001826 0.191823 0.182861 0.191823&lt;/</span><span style="--shiki-light:#22863A;--shiki-dark:#85E89D;">array</span><span style="--shiki-light:#24292E;--shiki-dark:#E1E4E8;">&gt;</span></span>
<span class="line"><span style="--shiki-light:#24292E;--shiki-dark:#E1E4E8;">      &lt;</span><span style="--shiki-light:#22863A;--shiki-dark:#85E89D;">array</span><span style="--shiki-light:#6F42C1;--shiki-dark:#B392F0;"> dataType</span><span style="--shiki-light:#24292E;--shiki-dark:#E1E4E8;">=</span><span style="--shiki-light:#032F62;--shiki-dark:#9ECBFF;">&quot;xsd:double&quot;</span><span style="--shiki-light:#6F42C1;--shiki-dark:#B392F0;"> size</span><span style="--shiki-light:#24292E;--shiki-dark:#E1E4E8;">=</span><span style="--shiki-light:#032F62;--shiki-dark:#9ECBFF;">&quot;12&quot;</span><span style="--shiki-light:#6F42C1;--shiki-dark:#B392F0;"> dictRef</span><span style="--shiki-light:#24292E;--shiki-dark:#E1E4E8;">=</span><span style="--shiki-light:#032F62;--shiki-dark:#9ECBFF;">&quot;x:floatArr&quot;</span><span style="--shiki-light:#24292E;--shiki-dark:#E1E4E8;">&gt;-0.044783 0.003015 0.088051 -0.11324 1.085225 14.338383 -1.04763 -1.998837 0.086239 0.506439 0.191823 0.009829&lt;/</span><span style="--shiki-light:#22863A;--shiki-dark:#85E89D;">array</span><span style="--shiki-light:#24292E;--shiki-dark:#E1E4E8;">&gt;</span></span>
<span class="line"><span style="--shiki-light:#24292E;--shiki-dark:#E1E4E8;">      &lt;</span><span style="--shiki-light:#22863A;--shiki-dark:#85E89D;">array</span><span style="--shiki-light:#6F42C1;--shiki-dark:#B392F0;"> dataType</span><span style="--shiki-light:#24292E;--shiki-dark:#E1E4E8;">=</span><span style="--shiki-light:#032F62;--shiki-dark:#9ECBFF;">&quot;xsd:double&quot;</span><span style="--shiki-light:#6F42C1;--shiki-dark:#B392F0;"> size</span><span style="--shiki-light:#24292E;--shiki-dark:#E1E4E8;">=</span><span style="--shiki-light:#032F62;--shiki-dark:#9ECBFF;">&quot;12&quot;</span><span style="--shiki-light:#6F42C1;--shiki-dark:#B392F0;"> dictRef</span><span style="--shiki-light:#24292E;--shiki-dark:#E1E4E8;">=</span><span style="--shiki-light:#032F62;--shiki-dark:#9ECBFF;">&quot;x:floatArr&quot;</span><span style="--shiki-light:#24292E;--shiki-dark:#E1E4E8;">&gt;0.009797 0.191563 0.506288 0.088051 -2.006583 -1.04763 14.341573 1.08843 -0.115514 0.086239 0.001826 -0.044783&lt;/</span><span style="--shiki-light:#22863A;--shiki-dark:#85E89D;">array</span><span style="--shiki-light:#24292E;--shiki-dark:#E1E4E8;">&gt;</span></span>
<span class="line"><span style="--shiki-light:#24292E;--shiki-dark:#E1E4E8;">      &lt;</span><span style="--shiki-light:#22863A;--shiki-dark:#85E89D;">array</span><span style="--shiki-light:#6F42C1;--shiki-dark:#B392F0;"> dataType</span><span style="--shiki-light:#24292E;--shiki-dark:#E1E4E8;">=</span><span style="--shiki-light:#032F62;--shiki-dark:#9ECBFF;">&quot;xsd:double&quot;</span><span style="--shiki-light:#6F42C1;--shiki-dark:#B392F0;"> size</span><span style="--shiki-light:#24292E;--shiki-dark:#E1E4E8;">=</span><span style="--shiki-light:#032F62;--shiki-dark:#9ECBFF;">&quot;12&quot;</span><span style="--shiki-light:#6F42C1;--shiki-dark:#B392F0;"> dictRef</span><span style="--shiki-light:#24292E;--shiki-dark:#E1E4E8;">=</span><span style="--shiki-light:#032F62;--shiki-dark:#9ECBFF;">&quot;x:floatArr&quot;</span><span style="--shiki-light:#24292E;--shiki-dark:#E1E4E8;">&gt;0.191563 0.182316 0.191563 0.003015 -0.951234 -1.998837 1.08843 15.950581 1.08843 -1.998837 -0.951234 0.003015&lt;/</span><span style="--shiki-light:#22863A;--shiki-dark:#85E89D;">array</span><span style="--shiki-light:#24292E;--shiki-dark:#E1E4E8;">&gt;</span></span>
<span class="line"><span style="--shiki-light:#24292E;--shiki-dark:#E1E4E8;">      &lt;</span><span style="--shiki-light:#22863A;--shiki-dark:#85E89D;">array</span><span style="--shiki-light:#6F42C1;--shiki-dark:#B392F0;"> dataType</span><span style="--shiki-light:#24292E;--shiki-dark:#E1E4E8;">=</span><span style="--shiki-light:#032F62;--shiki-dark:#9ECBFF;">&quot;xsd:double&quot;</span><span style="--shiki-light:#6F42C1;--shiki-dark:#B392F0;"> size</span><span style="--shiki-light:#24292E;--shiki-dark:#E1E4E8;">=</span><span style="--shiki-light:#032F62;--shiki-dark:#9ECBFF;">&quot;12&quot;</span><span style="--shiki-light:#6F42C1;--shiki-dark:#B392F0;"> dictRef</span><span style="--shiki-light:#24292E;--shiki-dark:#E1E4E8;">=</span><span style="--shiki-light:#032F62;--shiki-dark:#9ECBFF;">&quot;x:floatArr&quot;</span><span style="--shiki-light:#24292E;--shiki-dark:#E1E4E8;">&gt;0.506288 0.191563 0.009797 -0.044783 0.001826 0.086239 -0.115514 1.08843 14.341573 -1.04763 -2.006583 0.088051&lt;/</span><span style="--shiki-light:#22863A;--shiki-dark:#85E89D;">array</span><span style="--shiki-light:#24292E;--shiki-dark:#E1E4E8;">&gt;</span></span>
<span class="line"><span style="--shiki-light:#24292E;--shiki-dark:#E1E4E8;">      &lt;</span><span style="--shiki-light:#22863A;--shiki-dark:#85E89D;">array</span><span style="--shiki-light:#6F42C1;--shiki-dark:#B392F0;"> dataType</span><span style="--shiki-light:#24292E;--shiki-dark:#E1E4E8;">=</span><span style="--shiki-light:#032F62;--shiki-dark:#9ECBFF;">&quot;xsd:double&quot;</span><span style="--shiki-light:#6F42C1;--shiki-dark:#B392F0;"> size</span><span style="--shiki-light:#24292E;--shiki-dark:#E1E4E8;">=</span><span style="--shiki-light:#032F62;--shiki-dark:#9ECBFF;">&quot;12&quot;</span><span style="--shiki-light:#6F42C1;--shiki-dark:#B392F0;"> dictRef</span><span style="--shiki-light:#24292E;--shiki-dark:#E1E4E8;">=</span><span style="--shiki-light:#032F62;--shiki-dark:#9ECBFF;">&quot;x:floatArr&quot;</span><span style="--shiki-light:#24292E;--shiki-dark:#E1E4E8;">&gt;0.088051 0.003015 -0.044783 0.009829 0.191823 0.506439 0.086239 -1.998837 -1.04763 14.338383 1.085225 -0.11324&lt;/</span><span style="--shiki-light:#22863A;--shiki-dark:#85E89D;">array</span><span style="--shiki-light:#24292E;--shiki-dark:#E1E4E8;">&gt;</span></span>
<span class="line"><span style="--shiki-light:#24292E;--shiki-dark:#E1E4E8;">      &lt;</span><span style="--shiki-light:#22863A;--shiki-dark:#85E89D;">array</span><span style="--shiki-light:#6F42C1;--shiki-dark:#B392F0;"> dataType</span><span style="--shiki-light:#24292E;--shiki-dark:#E1E4E8;">=</span><span style="--shiki-light:#032F62;--shiki-dark:#9ECBFF;">&quot;xsd:double&quot;</span><span style="--shiki-light:#6F42C1;--shiki-dark:#B392F0;"> size</span><span style="--shiki-light:#24292E;--shiki-dark:#E1E4E8;">=</span><span style="--shiki-light:#032F62;--shiki-dark:#9ECBFF;">&quot;12&quot;</span><span style="--shiki-light:#6F42C1;--shiki-dark:#B392F0;"> dictRef</span><span style="--shiki-light:#24292E;--shiki-dark:#E1E4E8;">=</span><span style="--shiki-light:#032F62;--shiki-dark:#9ECBFF;">&quot;x:floatArr&quot;</span><span style="--shiki-light:#24292E;--shiki-dark:#E1E4E8;">&gt;-2.006583 -0.951234 0.001826 0.191823 0.182861 0.191823 0.001826 -0.951234 -2.006583 1.085225 15.968706 1.085225&lt;/</span><span style="--shiki-light:#22863A;--shiki-dark:#85E89D;">array</span><span style="--shiki-light:#24292E;--shiki-dark:#E1E4E8;">&gt;</span></span>
<span class="line"><span style="--shiki-light:#24292E;--shiki-dark:#E1E4E8;">      &lt;</span><span style="--shiki-light:#22863A;--shiki-dark:#85E89D;">array</span><span style="--shiki-light:#6F42C1;--shiki-dark:#B392F0;"> dataType</span><span style="--shiki-light:#24292E;--shiki-dark:#E1E4E8;">=</span><span style="--shiki-light:#032F62;--shiki-dark:#9ECBFF;">&quot;xsd:double&quot;</span><span style="--shiki-light:#6F42C1;--shiki-dark:#B392F0;"> size</span><span style="--shiki-light:#24292E;--shiki-dark:#E1E4E8;">=</span><span style="--shiki-light:#032F62;--shiki-dark:#9ECBFF;">&quot;12&quot;</span><span style="--shiki-light:#6F42C1;--shiki-dark:#B392F0;"> dictRef</span><span style="--shiki-light:#24292E;--shiki-dark:#E1E4E8;">=</span><span style="--shiki-light:#032F62;--shiki-dark:#9ECBFF;">&quot;x:floatArr&quot;</span><span style="--shiki-light:#24292E;--shiki-dark:#E1E4E8;">&gt;-1.04763 -1.998837 0.086239 0.506439 0.191823 0.009829 -0.044783 0.003015 0.088051 -0.11324 1.085225 14.338383&lt;/</span><span style="--shiki-light:#22863A;--shiki-dark:#85E89D;">array</span><span style="--shiki-light:#24292E;--shiki-dark:#E1E4E8;">&gt;</span></span>
<span class="line"><span style="--shiki-light:#24292E;--shiki-dark:#E1E4E8;">    &lt;/</span><span style="--shiki-light:#22863A;--shiki-dark:#85E89D;">module</span><span style="--shiki-light:#24292E;--shiki-dark:#E1E4E8;">&gt;</span></span>
<span class="line"><span style="--shiki-light:#24292E;--shiki-dark:#E1E4E8;">  &lt;/</span><span style="--shiki-light:#22863A;--shiki-dark:#85E89D;">comment</span><span style="--shiki-light:#24292E;--shiki-dark:#E1E4E8;">&gt;</span></span></code></pre></div><h2 id="template-definition" tabindex="-1">Template definition <a class="header-anchor" href="#template-definition" aria-label="Permalink to &quot;Template definition&quot;">​</a></h2><div class="language-xml vp-adaptive-theme"><button title="Copy Code" class="copy"></button><span class="lang">xml</span><pre class="shiki shiki-themes github-light github-dark vp-code" tabindex="0"><code><span class="line"><span style="--shiki-light:#24292E;--shiki-dark:#E1E4E8;">&lt;</span><span style="--shiki-light:#22863A;--shiki-dark:#85E89D;">record</span><span style="--shiki-light:#24292E;--shiki-dark:#E1E4E8;"> /&gt;</span></span>
<span class="line"><span style="--shiki-light:#24292E;--shiki-dark:#E1E4E8;">&lt;</span><span style="--shiki-light:#22863A;--shiki-dark:#85E89D;">templateList</span><span style="--shiki-light:#24292E;--shiki-dark:#E1E4E8;">&gt;  &lt;</span><span style="--shiki-light:#22863A;--shiki-dark:#85E89D;">template</span><span style="--shiki-light:#6F42C1;--shiki-dark:#B392F0;"> id</span><span style="--shiki-light:#24292E;--shiki-dark:#E1E4E8;">=</span><span style="--shiki-light:#032F62;--shiki-dark:#9ECBFF;">&quot;cond&quot;</span><span style="--shiki-light:#6F42C1;--shiki-dark:#B392F0;"> repeat</span><span style="--shiki-light:#24292E;--shiki-dark:#E1E4E8;">=</span><span style="--shiki-light:#032F62;--shiki-dark:#9ECBFF;">&quot;*&quot;</span><span style="--shiki-light:#6F42C1;--shiki-dark:#B392F0;"> pattern</span><span style="--shiki-light:#24292E;--shiki-dark:#E1E4E8;">=</span><span style="--shiki-light:#032F62;--shiki-dark:#9ECBFF;">&quot;\\s*\\d+\\s+\\d+.*&quot;</span><span style="--shiki-light:#6F42C1;--shiki-dark:#B392F0;"> endPattern</span><span style="--shiki-light:#24292E;--shiki-dark:#E1E4E8;">=</span><span style="--shiki-light:#032F62;--shiki-dark:#9ECBFF;">&quot;.*$\\s</span><span style="--shiki-light:#005CC5;--shiki-dark:#79B8FF;">&amp;#123;</span><span style="--shiki-light:#032F62;--shiki-dark:#9ECBFF;">7</span><span style="--shiki-light:#005CC5;--shiki-dark:#79B8FF;">&amp;#125;</span><span style="--shiki-light:#032F62;--shiki-dark:#9ECBFF;">.*&quot;</span><span style="--shiki-light:#6F42C1;--shiki-dark:#B392F0;"> endPattern2</span><span style="--shiki-light:#24292E;--shiki-dark:#E1E4E8;">=</span><span style="--shiki-light:#032F62;--shiki-dark:#9ECBFF;">&quot;~&quot;</span><span style="--shiki-light:#6F42C1;--shiki-dark:#B392F0;"> endOffset</span><span style="--shiki-light:#24292E;--shiki-dark:#E1E4E8;">=</span><span style="--shiki-light:#032F62;--shiki-dark:#9ECBFF;">&quot;1&quot;</span><span style="--shiki-light:#24292E;--shiki-dark:#E1E4E8;">&gt;    &lt;</span><span style="--shiki-light:#22863A;--shiki-dark:#85E89D;">record</span><span style="--shiki-light:#6F42C1;--shiki-dark:#B392F0;"> id</span><span style="--shiki-light:#24292E;--shiki-dark:#E1E4E8;">=</span><span style="--shiki-light:#032F62;--shiki-dark:#9ECBFF;">&quot;serial&quot;</span><span style="--shiki-light:#24292E;--shiki-dark:#E1E4E8;">&gt;</span><span style="--shiki-light:#005CC5;--shiki-dark:#79B8FF;">&amp;#123;</span><span style="--shiki-light:#24292E;--shiki-dark:#E1E4E8;">1_6I,x:intarr</span><span style="--shiki-light:#005CC5;--shiki-dark:#79B8FF;">&amp;#125;</span><span style="--shiki-light:#24292E;--shiki-dark:#E1E4E8;">&lt;/</span><span style="--shiki-light:#22863A;--shiki-dark:#85E89D;">record</span><span style="--shiki-light:#24292E;--shiki-dark:#E1E4E8;">&gt;    &lt;</span><span style="--shiki-light:#22863A;--shiki-dark:#85E89D;">record</span><span style="--shiki-light:#6F42C1;--shiki-dark:#B392F0;"> repeat</span><span style="--shiki-light:#24292E;--shiki-dark:#E1E4E8;">=</span><span style="--shiki-light:#032F62;--shiki-dark:#9ECBFF;">&quot;*&quot;</span><span style="--shiki-light:#6F42C1;--shiki-dark:#B392F0;"> id</span><span style="--shiki-light:#24292E;--shiki-dark:#E1E4E8;">=</span><span style="--shiki-light:#032F62;--shiki-dark:#9ECBFF;">&quot;row&quot;</span><span style="--shiki-light:#24292E;--shiki-dark:#E1E4E8;">&gt;</span><span style="--shiki-light:#005CC5;--shiki-dark:#79B8FF;">&amp;#123;</span><span style="--shiki-light:#24292E;--shiki-dark:#E1E4E8;">I,cc:serial</span><span style="--shiki-light:#005CC5;--shiki-dark:#79B8FF;">&amp;#125;&amp;#123;</span><span style="--shiki-light:#24292E;--shiki-dark:#E1E4E8;">A,cc:elementType</span><span style="--shiki-light:#005CC5;--shiki-dark:#79B8FF;">&amp;#125;&amp;#123;</span><span style="--shiki-light:#24292E;--shiki-dark:#E1E4E8;">1_6F,x:floatArr</span><span style="--shiki-light:#005CC5;--shiki-dark:#79B8FF;">&amp;#125;</span><span style="--shiki-light:#24292E;--shiki-dark:#E1E4E8;">&lt;/</span><span style="--shiki-light:#22863A;--shiki-dark:#85E89D;">record</span><span style="--shiki-light:#24292E;--shiki-dark:#E1E4E8;">&gt;</span></span>
<span class="line"><span style="--shiki-light:#24292E;--shiki-dark:#E1E4E8;">     &lt;/</span><span style="--shiki-light:#22863A;--shiki-dark:#85E89D;">template</span><span style="--shiki-light:#24292E;--shiki-dark:#E1E4E8;">&gt;</span></span>
<span class="line"><span style="--shiki-light:#24292E;--shiki-dark:#E1E4E8;">  &lt;/</span><span style="--shiki-light:#22863A;--shiki-dark:#85E89D;">templateList</span><span style="--shiki-light:#24292E;--shiki-dark:#E1E4E8;">&gt;</span></span>
<span class="line"><span style="--shiki-light:#24292E;--shiki-dark:#E1E4E8;">&lt;</span><span style="--shiki-light:#22863A;--shiki-dark:#85E89D;">transform</span><span style="--shiki-light:#6F42C1;--shiki-dark:#B392F0;"> process</span><span style="--shiki-light:#24292E;--shiki-dark:#E1E4E8;">=</span><span style="--shiki-light:#032F62;--shiki-dark:#9ECBFF;">&quot;addAttribute&quot;</span><span style="--shiki-light:#6F42C1;--shiki-dark:#B392F0;"> xpath</span><span style="--shiki-light:#24292E;--shiki-dark:#E1E4E8;">=</span><span style="--shiki-light:#032F62;--shiki-dark:#9ECBFF;">&quot;.//cml:array[@dictRef=&#39;x:floatArr&#39;]&quot;</span><span style="--shiki-light:#6F42C1;--shiki-dark:#B392F0;"> name</span><span style="--shiki-light:#24292E;--shiki-dark:#E1E4E8;">=</span><span style="--shiki-light:#032F62;--shiki-dark:#9ECBFF;">&quot;cmlx:idx&quot;</span><span style="--shiki-light:#6F42C1;--shiki-dark:#B392F0;"> value</span><span style="--shiki-light:#24292E;--shiki-dark:#E1E4E8;">=</span><span style="--shiki-light:#032F62;--shiki-dark:#9ECBFF;">&quot;$string(../cml:scalar[@dictRef=&#39;cc:serial&#39;])&quot;</span><span style="--shiki-light:#24292E;--shiki-dark:#E1E4E8;"> /&gt;</span></span>
<span class="line"><span style="--shiki-light:#24292E;--shiki-dark:#E1E4E8;">&lt;</span><span style="--shiki-light:#22863A;--shiki-dark:#85E89D;">transform</span><span style="--shiki-light:#6F42C1;--shiki-dark:#B392F0;"> process</span><span style="--shiki-light:#24292E;--shiki-dark:#E1E4E8;">=</span><span style="--shiki-light:#032F62;--shiki-dark:#9ECBFF;">&quot;joinArrays&quot;</span><span style="--shiki-light:#6F42C1;--shiki-dark:#B392F0;"> xpath</span><span style="--shiki-light:#24292E;--shiki-dark:#E1E4E8;">=</span><span style="--shiki-light:#032F62;--shiki-dark:#9ECBFF;">&quot;.//cml:array&quot;</span><span style="--shiki-light:#6F42C1;--shiki-dark:#B392F0;"> key</span><span style="--shiki-light:#24292E;--shiki-dark:#E1E4E8;">=</span><span style="--shiki-light:#032F62;--shiki-dark:#9ECBFF;">&quot;$string(@cmlx:idx)&quot;</span><span style="--shiki-light:#24292E;--shiki-dark:#E1E4E8;"> /&gt;</span></span>
<span class="line"><span style="--shiki-light:#24292E;--shiki-dark:#E1E4E8;">&lt;</span><span style="--shiki-light:#22863A;--shiki-dark:#85E89D;">transform</span><span style="--shiki-light:#6F42C1;--shiki-dark:#B392F0;"> process</span><span style="--shiki-light:#24292E;--shiki-dark:#E1E4E8;">=</span><span style="--shiki-light:#032F62;--shiki-dark:#9ECBFF;">&quot;delete&quot;</span><span style="--shiki-light:#6F42C1;--shiki-dark:#B392F0;"> xpath</span><span style="--shiki-light:#24292E;--shiki-dark:#E1E4E8;">=</span><span style="--shiki-light:#032F62;--shiki-dark:#9ECBFF;">&quot;.//cml:array[@dictRef=&#39;x:intarr&#39;]&quot;</span><span style="--shiki-light:#24292E;--shiki-dark:#E1E4E8;"> /&gt;</span></span>
<span class="line"><span style="--shiki-light:#24292E;--shiki-dark:#E1E4E8;">&lt;</span><span style="--shiki-light:#22863A;--shiki-dark:#85E89D;">transform</span><span style="--shiki-light:#6F42C1;--shiki-dark:#B392F0;"> process</span><span style="--shiki-light:#24292E;--shiki-dark:#E1E4E8;">=</span><span style="--shiki-light:#032F62;--shiki-dark:#9ECBFF;">&quot;pullup&quot;</span><span style="--shiki-light:#6F42C1;--shiki-dark:#B392F0;"> xpath</span><span style="--shiki-light:#24292E;--shiki-dark:#E1E4E8;">=</span><span style="--shiki-light:#032F62;--shiki-dark:#9ECBFF;">&quot;.//cml:array&quot;</span><span style="--shiki-light:#6F42C1;--shiki-dark:#B392F0;"> repeat</span><span style="--shiki-light:#24292E;--shiki-dark:#E1E4E8;">=</span><span style="--shiki-light:#032F62;--shiki-dark:#9ECBFF;">&quot;3&quot;</span><span style="--shiki-light:#24292E;--shiki-dark:#E1E4E8;"> /&gt;</span></span>
<span class="line"><span style="--shiki-light:#24292E;--shiki-dark:#E1E4E8;">&lt;</span><span style="--shiki-light:#22863A;--shiki-dark:#85E89D;">transform</span><span style="--shiki-light:#6F42C1;--shiki-dark:#B392F0;"> process</span><span style="--shiki-light:#24292E;--shiki-dark:#E1E4E8;">=</span><span style="--shiki-light:#032F62;--shiki-dark:#9ECBFF;">&quot;delete&quot;</span><span style="--shiki-light:#6F42C1;--shiki-dark:#B392F0;"> xpath</span><span style="--shiki-light:#24292E;--shiki-dark:#E1E4E8;">=</span><span style="--shiki-light:#032F62;--shiki-dark:#9ECBFF;">&quot;.//cml:array[@dictRef=&#39;x:intarr&#39;]&quot;</span><span style="--shiki-light:#24292E;--shiki-dark:#E1E4E8;"> /&gt;</span></span>
<span class="line"><span style="--shiki-light:#24292E;--shiki-dark:#E1E4E8;">&lt;</span><span style="--shiki-light:#22863A;--shiki-dark:#85E89D;">transform</span><span style="--shiki-light:#6F42C1;--shiki-dark:#B392F0;"> process</span><span style="--shiki-light:#24292E;--shiki-dark:#E1E4E8;">=</span><span style="--shiki-light:#032F62;--shiki-dark:#9ECBFF;">&quot;delete&quot;</span><span style="--shiki-light:#6F42C1;--shiki-dark:#B392F0;"> xpath</span><span style="--shiki-light:#24292E;--shiki-dark:#E1E4E8;">=</span><span style="--shiki-light:#032F62;--shiki-dark:#9ECBFF;">&quot;.//cml:module[@cmlx:templateRef=&#39;cond&#39; or @cmlx:templateRef=&#39;cond1&#39;]&quot;</span><span style="--shiki-light:#24292E;--shiki-dark:#E1E4E8;"> /&gt;</span></span>
<span class="line"><span style="--shiki-light:#24292E;--shiki-dark:#E1E4E8;">&lt;</span><span style="--shiki-light:#22863A;--shiki-dark:#85E89D;">transform</span><span style="--shiki-light:#6F42C1;--shiki-dark:#B392F0;"> process</span><span style="--shiki-light:#24292E;--shiki-dark:#E1E4E8;">=</span><span style="--shiki-light:#032F62;--shiki-dark:#9ECBFF;">&quot;delete&quot;</span><span style="--shiki-light:#6F42C1;--shiki-dark:#B392F0;"> xpath</span><span style="--shiki-light:#24292E;--shiki-dark:#E1E4E8;">=</span><span style="--shiki-light:#032F62;--shiki-dark:#9ECBFF;">&quot;.//cml:list[count(*)=0]&quot;</span><span style="--shiki-light:#24292E;--shiki-dark:#E1E4E8;"> /&gt;</span></span>
<span class="line"><span style="--shiki-light:#24292E;--shiki-dark:#E1E4E8;">&lt;</span><span style="--shiki-light:#22863A;--shiki-dark:#85E89D;">transform</span><span style="--shiki-light:#6F42C1;--shiki-dark:#B392F0;"> process</span><span style="--shiki-light:#24292E;--shiki-dark:#E1E4E8;">=</span><span style="--shiki-light:#032F62;--shiki-dark:#9ECBFF;">&quot;delete&quot;</span><span style="--shiki-light:#6F42C1;--shiki-dark:#B392F0;"> xpath</span><span style="--shiki-light:#24292E;--shiki-dark:#E1E4E8;">=</span><span style="--shiki-light:#032F62;--shiki-dark:#9ECBFF;">&quot;.//cml:list[count(*)=0]&quot;</span><span style="--shiki-light:#24292E;--shiki-dark:#E1E4E8;"> /&gt;</span></span></code></pre></div>`,11)]))}const C=t(n,[["render",p]]);export{u as __pageData,C as default};
